sklad1 512 150 10000 
sklad2 612 150 15000
pas1 412 300 5000
centrala 512 300 6000
pas2 512 450 8000
pas3 612 450 12000
severna 512 50 10000
zapadna 312 300 50000
vychodna 612 300 7000
juzna 512 550 6000

6 7 3 1 1 
36 1 2 3 1  
6 1 4 2 2 
16 1 3 4 1 
2 8 4 3 2
16 3 4 4 2
6 4 4 9 2
16 4 3 5 1
36 3 3 5 2 
6 5 4 6 2 
6 5 3 10 1

3 stredne 0 255 255
10 14 10 11 
20 24 5 8 
40 44 4 4 
60 64 1 1 
70 72 7 -1
#
3 pomale 255 0 0
2 6 8 5 
8 12 3 6 
28 32 4 7 
38 40 9 -1 
#
3 rychle 0 55 200
0 4 2 3 
10 14 1 4 
32 36 4 6 
44 48 4 8 
64 68 5 10 
74 76 6 -1
#
3 agv 255 255 55
15 19 4 -1

